NUMBER_OF_POINTS = 1002
DIMENSION = 1
TYPE = Scalar
6.283185307
3.141592654
6.283185307
3.141592654
4.71238898
4.71238898
1.570796327
1.570796327
3.695167012
5.729610948
2.588018295
0.5535743589
6.283185307
6.283185307
6.283185307
6.283185307
3.141592654
3.141592654
3.141592654
3.141592654
3.141592654
6.105303967
5.898798347
5.67687349
5.45994995
5.265963339
5.103216562
4.971314835
4.865685273
4.780951786
0.17788134
0.3843869601
0.6063118171
0.8232353569
1.017221968
1.179968745
1.311870473
1.417500034
1.502233521
6.189282891
6.10703201
6.035312792
5.972833991
5.918321479
5.870611959
5.828687941
5.791680861
5.75885919
0.09390241645
0.1761532973
0.2478725152
0.3103513161
0.3648638281
0.4125733478
0.454497366
0.4915044461
0.5243261175
3.319473994
3.525979614
3.747904471
3.964828011
4.158814621
4.321561399
4.453463126
4.559092687
4.643826174
2.963711314
2.757205693
2.535280836
2.318357297
2.124370686
1.961623908
1.829722181
1.72409262
1.639359133
3.23549507
3.317745951
3.389465169
3.45194397
3.506456482
3.554166001
3.59609002
3.6330971
3.665918771
3.047690237
2.965439356
2.893720138
2.831241338
2.776728825
2.729019306
2.687095288
2.650088207
2.617266536
6.283185307
6.283185307
6.283185307
6.283185307
3.141592654
3.141592654
3.141592654
3.141592654
3.141592654
6.105303967
5.898798347
5.67687349
5.45994995
5.265963339
5.103216562
4.971314835
4.865685273
4.780951786
0.17788134
0.3843869601
0.6063118171
0.8232353569
1.017221968
1.179968745
1.311870473
1.417500034
1.502233521
6.189282891
6.10703201
6.035312792
5.972833991
5.918321479
5.870611959
5.828687941
5.791680861
5.75885919
0.09390241645
0.1761532973
0.2478725152
0.3103513161
0.3648638281
0.4125733478
0.454497366
0.4915044461
0.5243261175
3.319473994
3.525979614
3.747904471
3.964828011
4.158814621
4.321561399
4.453463126
4.559092687
4.643826174
2.963711314
2.757205693
2.535280836
2.318357297
2.124370686
1.961623908
1.829722181
1.72409262
1.639359133
3.23549507
3.317745951
3.389465169
3.45194397
3.506456482
3.554166001
3.59609002
3.6330971
3.665918771
3.047690237
2.965439356
2.893720138
2.831241338
2.776728825
2.729019306
2.687095288
2.650088207
2.617266536
4.71238898
4.71238898
4.71238898
4.71238898
4.71238898
4.71238898
4.71238898
4.71238898
4.71238898
4.608789862
4.49913907
4.385703194
4.27128004
4.158814621
4.050963563
3.94975894
3.856463655
3.771612483
4.815988099
4.925638891
5.039074767
5.153497921
5.265963339
5.373814398
5.475019021
5.568314306
5.653165478
4.608789862
4.49913907
4.385703194
4.27128004
4.158814621
4.050963563
3.94975894
3.856463655
3.771612483
4.815988099
4.925638891
5.039074767
5.153497921
5.265963339
5.373814398
5.475019021
5.568314306
5.653165478
1.570796327
1.570796327
1.570796327
1.570796327
1.570796327
1.570796327
1.570796327
1.570796327
1.570796327
1.674395446
1.784046238
1.897482114
2.011905267
2.124370686
2.232221744
2.333426367
2.426721652
2.511572825
1.467197208
1.357546416
1.24411054
1.129687386
1.017221968
0.9093709095
0.8081662864
0.7148710015
0.6300198289
1.674395446
1.784046238
1.897482114
2.011905267
2.124370686
2.232221744
2.333426367
2.426721652
2.511572825
1.467197208
1.357546416
1.24411054
1.129687386
1.017221968
0.9093709095
0.8081662864
0.7148710015
0.6300198289
3.600772085
3.496693985
3.383947104
3.264575645
3.141592654
3.018609662
2.899238203
2.786491322
2.682413222
5.824005876
5.928083975
6.040830857
6.160202315
6.283185307
0.1229829918
0.2423544503
0.3551013318
0.4591794313
6.056027144
5.788559567
5.970214027
5.512591879
5.60297033
5.788559567
5.265963339
5.265963339
5.265963339
5.265963339
5.067490312
5.01209758
4.915557926
4.71238898
4.158814621
4.915557926
4.835371972
4.71238898
4.509220034
4.158814621
3.636218394
4.800451202
4.71238898
4.589405989
4.412680381
4.158814621
3.82180763
3.454563933
4.71238898
4.624326758
4.509220034
4.357287649
4.158814621
3.912186081
3.636218394
3.368750817
6.017423596
5.943431987
5.826332355
5.880921374
5.767448142
5.627978427
5.827802528
5.718968232
5.589112942
5.437244357
5.782348406
5.678536687
5.55756667
5.419259632
5.265963339
5.743164462
5.644407534
5.531498364
5.404670864
5.265963339
5.119551032
5.709135777
5.615277519
5.509622971
5.392603957
5.265963339
5.132923316
4.997893006
5.679373053
5.590163392
5.491020901
5.382459793
5.265963339
5.144068472
5.02016245
4.897978217
5.568314306
5.475019021
5.475019021
5.373814398
5.373814398
5.373814398
5.265963339
5.265963339
5.265963339
5.265963339
5.153497921
5.153497921
5.153497921
5.153497921
5.153497921
5.039074767
5.039074767
5.039074767
5.039074767
5.039074767
5.039074767
4.925638891
4.925638891
4.925638891
4.925638891
4.925638891
4.925638891
4.925638891
4.815988099
4.815988099
4.815988099
4.815988099
4.815988099
4.815988099
4.815988099
4.815988099
4.608789862
4.608789862
4.49913907
4.608789862
4.49913907
4.385703194
4.608789862
4.49913907
4.385703194
4.27128004
4.608789862
4.49913907
4.385703194
4.27128004
4.158814621
4.608789862
4.49913907
4.385703194
4.27128004
4.158814621
4.050963563
4.608789862
4.49913907
4.385703194
4.27128004
4.158814621
4.050963563
3.94975894
4.608789862
4.49913907
4.385703194
4.27128004
4.158814621
4.050963563
3.94975894
3.856463655
4.526799744
4.404615511
4.426884955
4.280709489
4.291854645
4.305226928
4.158814621
4.158814621
4.158814621
4.158814621
4.042318168
4.032174004
4.020107097
4.005518329
3.987533604
3.93375706
3.91515499
3.893279596
3.867211291
3.835665018
3.796799534
3.834614569
3.809500442
3.780370427
3.746241274
3.705809729
3.657329819
3.598445606
3.745404907
3.715642183
3.681613499
3.642429554
3.596975433
3.543856587
3.481345974
3.407354365
3.564284245
3.452464561
3.523384252
3.332030087
3.403123212
3.477385222
3.20576226
3.274632677
3.348015857
3.425506014
3.077423047
3.141592654
3.211281614
3.286468504
3.366881727
2.95115522
3.00855263
3.071903693
3.141592654
3.217837766
3.30059643
2.830720746
2.880062095
2.93516945
2.996716803
3.065347541
3.141592654
3.225752376
2.718901062
2.759801055
2.805800085
2.857679293
2.91630358
2.982588877
3.057432931
3.141592654
3.564284245
3.523384252
3.452464561
3.477385222
3.403123212
3.332030087
3.425506014
3.348015857
3.274632677
3.20576226
3.366881727
3.286468504
3.211281614
3.141592654
3.077423047
3.30059643
3.217837766
3.141592654
3.071903693
3.00855263
2.95115522
3.225752376
3.141592654
3.065347541
2.996716803
2.93516945
2.880062095
2.830720746
3.141592654
3.057432931
2.982588877
2.91630358
2.857679293
2.805800085
2.759801055
2.718901062
4.526799744
4.426884955
4.404615511
4.305226928
4.291854645
4.280709489
4.158814621
4.158814621
4.158814621
4.158814621
3.987533604
4.005518329
4.020107097
4.032174004
4.042318168
3.796799534
3.835665018
3.867211291
3.893279596
3.91515499
3.93375706
3.598445606
3.657329819
3.705809729
3.746241274
3.780370427
3.809500442
3.834614569
3.407354365
3.481345974
3.543856587
3.596975433
3.642429554
3.681613499
3.715642183
3.745404907
4.71238898
4.800451202
4.624326758
4.915557926
4.71238898
4.509220034
5.067490312
4.835371972
4.589405989
4.357287649
5.265963339
5.01209758
4.71238898
4.412680381
4.158814621
5.512591879
5.265963339
4.915557926
4.509220034
4.158814621
3.912186081
5.788559567
5.60297033
5.265963339
4.71238898
4.158814621
3.82180763
3.636218394
6.056027144
5.970214027
5.788559567
5.265963339
4.158814621
3.636218394
3.454563933
3.368750817
0.2271581634
0.4946257405
0.3129712797
0.7705934278
0.6802149769
0.4946257405
1.017221968
1.017221968
1.017221968
1.017221968
1.215694995
1.271087727
1.367627381
1.570796327
2.124370686
1.367627381
1.447813335
1.570796327
1.773965273
2.124370686
2.646966913
1.482734105
1.570796327
1.693779319
1.870504927
2.124370686
2.461377677
2.828621374
1.570796327
1.658858549
1.773965273
1.925897659
2.124370686
2.370999226
2.646966913
2.91443449
1.756385563
1.878569797
1.856300352
2.002475819
1.991330662
1.977958379
2.124370686
2.124370686
2.124370686
2.124370686
2.240867139
2.251011304
2.26307821
2.277666979
2.295651703
2.349428247
2.368030317
2.389905711
2.415974017
2.447520289
2.486385773
2.448570738
2.473684865
2.50281488
2.536944033
2.577375578
2.625855488
2.684739701
2.5377804
2.567543124
2.601571808
2.640755753
2.686209875
2.73932872
2.801839333
2.875830942
1.674395446
1.674395446
1.784046238
1.674395446
1.784046238
1.897482114
1.674395446
1.784046238
1.897482114
2.011905267
1.674395446
1.784046238
1.897482114
2.011905267
2.124370686
1.674395446
1.784046238
1.897482114
2.011905267
2.124370686
2.232221744
1.674395446
1.784046238
1.897482114
2.011905267
2.124370686
2.232221744
2.333426367
1.674395446
1.784046238
1.897482114
2.011905267
2.124370686
2.232221744
2.333426367
2.426721652
1.467197208
1.357546416
1.467197208
1.24411054
1.357546416
1.467197208
1.129687386
1.24411054
1.357546416
1.467197208
1.017221968
1.129687386
1.24411054
1.357546416
1.467197208
0.9093709095
1.017221968
1.129687386
1.24411054
1.357546416
1.467197208
0.8081662864
0.9093709095
1.017221968
1.129687386
1.24411054
1.357546416
1.467197208
0.7148710015
0.8081662864
0.9093709095
1.017221968
1.129687386
1.24411054
1.357546416
1.467197208
0.6038122539
0.5740495299
0.6930219156
0.5400208452
0.6679077884
0.7921644067
0.5008369007
0.6387777735
0.7735623363
0.9007255144
0.455382779
0.6046486201
0.7516869428
0.8905813499
1.017221968
0.4022639333
0.5642170752
0.725618637
0.8785144432
1.017221968
1.139116835
0.3397533201
0.5157371654
0.6940723647
0.8639256749
1.017221968
1.150261992
1.263022857
0.2657617115
0.4568529525
0.6552068806
0.8459409506
1.017221968
1.163634275
1.285292301
1.38520709
0.2271581634
0.3129712797
0.4946257405
0.4946257405
0.6802149769
0.7705934278
1.017221968
1.017221968
1.017221968
1.017221968
2.124370686
1.570796327
1.367627381
1.271087727
1.215694995
2.646966913
2.124370686
1.773965273
1.570796327
1.447813335
1.367627381
2.828621374
2.461377677
2.124370686
1.870504927
1.693779319
1.570796327
1.482734105
2.91443449
2.646966913
2.370999226
2.124370686
1.925897659
1.773965273
1.658858549
1.570796327
1.756385563
1.856300352
1.878569797
1.977958379
1.991330662
2.002475819
2.124370686
2.124370686
2.124370686
2.124370686
2.295651703
2.277666979
2.26307821
2.251011304
2.240867139
2.486385773
2.447520289
2.415974017
2.389905711
2.368030317
2.349428247
2.684739701
2.625855488
2.577375578
2.536944033
2.50281488
2.473684865
2.448570738
2.875830942
2.801839333
2.73932872
2.686209875
2.640755753
2.601571808
2.567543124
2.5377804
5.860493716
5.901393709
5.972313399
5.947392738
6.021654749
6.092747874
5.999271946
6.076762104
6.150145284
6.219015701
6.057896234
6.138309456
6.213496347
0
0.06416960636
6.12418153
6.206940195
6.283185307
0.06968896026
0.1330400236
0.1904374336
6.199025585
0
0.07624511221
0.1448758507
0.2064232034
0.2615305584
0.3108719077
0
0.08415972246
0.1590037769
0.2252890736
0.2839133609
0.3357925689
0.3817915982
0.4226915915
5.860493716
5.972313399
5.901393709
6.092747874
6.021654749
5.947392738
6.219015701
6.150145284
6.076762104
5.999271946
0.06416960636
0
6.213496347
6.138309456
6.057896234
0.1904374336
0.1330400236
0.06968896026
6.283185307
6.206940195
6.12418153
0.3108719077
0.2615305584
0.2064232034
0.1448758507
0.07624511221
6.283185307
6.199025585
0.4226915915
0.3817915982
0.3357925689
0.2839133609
0.2252890736
0.1590037769
0.08415972246
0
5.679373053
5.709135777
5.590163392
5.743164462
5.615277519
5.491020901
5.782348406
5.644407534
5.509622971
5.382459793
5.827802528
5.678536687
5.531498364
5.392603957
5.265963339
5.880921374
5.718968232
5.55756667
5.404670864
5.265963339
5.144068472
5.943431987
5.767448142
5.589112942
5.419259632
5.265963339
5.132923316
5.02016245
6.017423596
5.826332355
5.627978427
5.437244357
5.265963339
5.119551032
4.997893006
4.897978217
1.38520709
1.285292301
1.263022857
1.163634275
1.150261992
1.139116835
1.017221968
1.017221968
1.017221968
1.017221968
0.8459409506
0.8639256749
0.8785144432
0.8905813499
0.9007255144
0.6552068806
0.6940723647
0.725618637
0.7516869428
0.7735623363
0.7921644067
0.4568529525
0.5157371654
0.5642170752
0.6046486201
0.6387777735
0.6679077884
0.6930219156
0.2657617115
0.3397533201
0.4022639333
0.455382779
0.5008369007
0.5400208452
0.5740495299
0.6038122539
