NUMBER_OF_POINTS = 1002
DIMENSION = 1
TYPE = Scalar
0.8237918088
1.647583618
0.1762081912
0.3524163823
1.014312287
0.4856877132
1.014312287
0.4856877132
0.9118959044
0.5881040956
0.9118959044
0.5881040956
0.8538386475
0.8869677355
0.9228561825
0.9608532979
2
1.921706596
1.845712365
1.773935471
1.707677295
0.8779457546
0.9352656565
0.989286979
1.032255542
1.059033447
1.06919596
1.065814203
1.05312924
1.034996841
0.8779457546
0.9352656565
0.989286979
1.032255542
1.059033447
1.06919596
1.065814203
1.05312924
1.034996841
0.8226648032
0.8131637154
0.7960362177
0.7724846444
0.7440931757
0.7126691633
0.6800094233
0.6476652224
0.6167899141
0.8226648032
0.8131637154
0.7960362177
0.7724846444
0.7440931757
0.7126691633
0.6800094233
0.6476652224
0.6167899141
1.614751526
1.564655532
1.498452554
1.421515279
1.340966553
1.262584984
1.189747801
1.123950703
1.065558832
1.614751526
1.564655532
1.498452554
1.421515279
1.340966553
1.262584984
1.189747801
1.123950703
1.065558832
1.57370204
1.496804431
1.417429396
1.336615711
1.255906824
1.177154953
1.102186737
1.032471792
0.9689266148
1.57370204
1.496804431
1.417429396
1.336615711
1.255906824
1.177154953
1.102186737
1.032471792
0.9689266148
0.1461613525
0.1130322645
0.07714381749
0.03914670212
0
0.07829340423
0.154287635
0.226064529
0.2923227051
0.1786756345
0.187088513
0.2037080665
0.2297884104
0.2647583618
0.3063997572
0.3517671376
0.3980750349
0.4431789402
0.1786756345
0.187088513
0.2037080665
0.2297884104
0.2647583618
0.3063997572
0.3517671376
0.3980750349
0.4431789402
0.2072252643
0.2429076206
0.2828640544
0.3263032477
0.3720465879
0.4186570121
0.4646615816
0.5087855019
0.5501082727
0.2072252643
0.2429076206
0.2828640544
0.3263032477
0.3720465879
0.4186570121
0.4646615816
0.5087855019
0.5501082727
0.3286270844
0.3129902984
0.3085524008
0.3164407678
0.3352416382
0.3618192988
0.3926708585
0.4248450224
0.4562653869
0.3286270844
0.3129902984
0.3085524008
0.3164407678
0.3352416382
0.3618192988
0.3926708585
0.4248450224
0.4562653869
0.3964078928
0.4471242333
0.5036703317
0.5645963974
0.6279534121
0.6915188714
0.753142258
0.8110774837
0.8641751984
0.3964078928
0.4471242333
0.5036703317
0.5645963974
0.6279534121
0.6915188714
0.753142258
0.8110774837
0.8641751984
0.9692420288
0.9195483968
0.8657157262
0.8087200532
0.75
0.6912799468
0.6342842738
0.5804516032
0.5307579712
1.021203987
1.024508189
1.02328478
1.016994866
1.005724915
0.9902335102
0.9717712524
0.9517586757
0.9314787061
0.977268732
0.9357983649
0.8906046317
0.8428973758
0.7942750853
0.7464716069
0.7010500196
0.6591622778
0.6214530123
0.5117726365
0.5433713658
0.5807025357
0.6234144702
0.6704832765
0.7203047391
0.770981429
0.8206908172
0.8679797538
0.4897546443
0.4963220803
0.5054080527
0.5166932876
0.5295167235
0.5429901438
0.5561972991
0.5683882294
0.5790885278
0.9692420288
0.9195483968
0.8657157262
0.8087200532
0.75
0.6912799468
0.6342842738
0.5804516032
0.5307579712
1.021203987
1.024508189
1.02328478
1.016994866
1.005724915
0.9902335102
0.9717712524
0.9517586757
0.9314787061
0.977268732
0.9357983649
0.8906046317
0.8428973758
0.7942750853
0.7464716069
0.7010500196
0.6591622778
0.6214530123
0.5117726365
0.5433713658
0.5807025357
0.6234144702
0.6704832765
0.7203047391
0.770981429
0.8206908172
0.8679797538
0.4897546443
0.4963220803
0.5054080527
0.5166932876
0.5295167235
0.5429901438
0.5561972991
0.5683882294
0.5790885278
0.9269193237
0.9434838677
0.9614280913
0.9804266489
1
0.9804266489
0.9614280913
0.9434838677
0.9269193237
0.5730806763
0.5565161323
0.5385719087
0.5195733511
0.5
0.5195733511
0.5385719087
0.5565161323
0.5730806763
0.9246791966
0.9997695434
0.9856308945
1.065830992
1.088123102
1.078004446
1.110282212
1.164068402
1.218756854
1.272543044
1.129676017
1.199395956
1.283163547
1.398180668
1.611316114
1.128523815
1.201859687
1.289385995
1.39879285
1.543211106
1.716094105
1.113735828
1.184192626
1.266272511
1.362321549
1.473963638
1.595245508
1.703377765
1.091325761
1.156154133
1.230218118
1.313804076
1.40585863
1.501843509
1.591550597
1.662302325
0.8703337469
0.8534401379
0.9177593606
0.828695556
0.8912205802
0.9595306155
0.7978824134
0.8576187836
0.9223833181
0.9904350599
0.7630496241
0.8191373343
0.8799431961
0.9436784158
1.007784682
0.7263081909
0.7780818996
0.8344776447
0.8938813814
0.9539984924
1.012160597
0.6895623279
0.7366352196
0.7882627752
0.8431365337
0.89931004
0.9544649254
1.006334134
0.6542898092
0.6965851707
0.7432950194
0.7934570414
0.8455238505
0.8975455208
0.9475083876
0.9937058331
0.6137752536
0.6042446653
0.6530026533
0.5930669638
0.6447308754
0.6963947869
0.5807654887
0.6345516782
0.6892401306
0.7430263201
0.5681469115
0.6230266152
0.6797953317
0.7365640482
0.7914437519
0.5561453447
0.6110041975
0.6686719735
0.7273407109
0.7850084869
0.8398673397
0.5455988985
0.5994223728
0.6567710028
0.7160602226
0.7753494424
0.8326980724
0.8865215467
0.5370657298
0.5890739489
0.6450489337
0.7037067563
0.76331662
0.8219744426
0.8779494274
0.9299576465
0.9717659283
0.9174195659
0.9705601318
0.8589281031
0.9116344142
0.9649887675
0.7976331896
0.8488493706
0.901957174
0.9549136773
0.7353434341
0.7839397774
0.8356981907
0.8886987637
0.9408328377
0.6740485206
0.7190301842
0.768289125
0.8202046683
0.8727278299
0.9238039972
0.6155570578
0.6562451406
0.7020301416
0.7517105729
0.8034803613
0.8552691246
0.9051696577
0.5612106954
0.597319423
0.6389985481
0.6854956593
0.7353753535
0.7867342521
0.8375830237
0.8862247464
1.075185517
1.079923098
1.136137574
1.078567847
1.141510064
1.203608524
1.070616992
1.138721999
1.207969468
1.276074476
1.056510261
1.127605457
1.201742775
1.276748207
1.350518384
1.037544623
1.109287041
1.18561013
1.264565758
1.344044518
1.422307803
1.015493174
1.085814597
1.161741004
1.241644909
1.32351495
1.405415627
1.485966898
0.9921372997
1.059522086
1.133010674
1.211339495
1.2927253
1.375194873
1.457012159
1.537018538
0.9888624577
1.01022833
1.057812604
1.032497047
1.084186565
1.133129617
1.054933363
1.110571129
1.164307273
1.213480111
1.054933363
1.13575911
1.194112007
1.248765639
1.29693918
1.032497047
1.110571129
1.194112007
1.280818673
1.33518734
1.381302286
1.01022833
1.084186565
1.164307273
1.248765639
1.33518734
1.421076499
1.464495615
0.9888624577
1.057812604
1.133129617
1.213480111
1.29693918
1.381302286
1.464495615
1.544898986
0.8765906299
0.8206593562
0.8908180689
0.7599842882
0.8325656731
0.9068848356
0.6961474596
0.7699861804
0.8470809163
0.924640817
0.6313490809
0.7051189454
0.7837053082
0.8642408904
0.924640817
0.5680852396
0.6405430872
0.7191813268
0.7837053082
0.8470809163
0.9068848356
0.5087155137
0.5789235014
0.6405430872
0.7051189454
0.7699861804
0.8325656731
0.8908180689
0.4551010143
0.5087155137
0.5680852396
0.6313490809
0.6961474596
0.7599842882
0.8206593562
0.8765906299
0.4838893714
0.4547411802
0.5180442399
0.4259951824
0.4923501726
0.5588400031
0.4001337153
0.468238723
0.5374861917
0.6055911995
0.3802102482
0.4482557096
0.5186173926
0.5889136954
0.6567799031
0.3691333694
0.4350253864
0.504462656
0.5751204852
0.6444804199
0.7103016146
0.3686122903
0.4304201351
0.4968891769
0.5658894577
0.6349297155
0.7015837507
0.7639110988
0.3783868819
0.434841
0.4967605405
0.5623218592
0.6292391679
0.6950953526
0.7577522735
0.8156632905
0.4086742393
0.3582330959
0.3718769425
0.3068055008
0.3158073739
0.334452566
0.2572917184
0.2589936105
0.2728741907
0.2992281886
0.2135095966
0.2052038336
0.2106140049
0.2330786617
0.2703495612
0.1794565139
0.1597234071
0.1521657689
0.1658778338
0.2022445534
0.2528689845
0.1576747198
0.1283960499
0.1050349547
0.1018193322
0.1329970848
0.1882353399
0.2510051401
0.1476274925
0.113990958
0.07943981704
0.0512487652
0.06489207702
0.1264616321
0.1970003825
0.2653909863
0.1476274925
0.1576747198
0.113990958
0.1794565139
0.1283960499
0.07943981704
0.2135095966
0.1597234071
0.1050349547
0.0512487652
0.2572917184
0.2052038336
0.1521657689
0.1018193322
0.06489207702
0.3068055008
0.2589936105
0.2106140049
0.1658778338
0.1329970848
0.1264616321
0.3582330959
0.3158073739
0.2728741907
0.2330786617
0.2022445534
0.1882353399
0.1970003825
0.4086742393
0.3718769425
0.334452566
0.2992281886
0.2703495612
0.2528689845
0.2510051401
0.2653909863
0.4838893714
0.5180442399
0.4547411802
0.5588400031
0.4923501726
0.4259951824
0.6055911995
0.5374861917
0.468238723
0.4001337153
0.6567799031
0.5889136954
0.5186173926
0.4482557096
0.3802102482
0.7103016146
0.6444804199
0.5751204852
0.504462656
0.4350253864
0.3691333694
0.7639110988
0.7015837507
0.6349297155
0.5658894577
0.4968891769
0.4304201351
0.3686122903
0.8156632905
0.7577522735
0.6950953526
0.6292391679
0.5623218592
0.4967605405
0.434841
0.3783868819
0.5612106954
0.6155570578
0.597319423
0.6740485206
0.6562451406
0.6389985481
0.7353434341
0.7190301842
0.7020301416
0.6854956593
0.7976331896
0.7839397774
0.768289125
0.7517105729
0.7353753535
0.8589281031
0.8488493706
0.8356981907
0.8202046683
0.8034803613
0.7867342521
0.9174195659
0.9116344142
0.901957174
0.8886987637
0.8727278299
0.8552691246
0.8375830237
0.9717659283
0.9705601318
0.9649887675
0.9549136773
0.9408328377
0.9238039972
0.9051696577
0.8862247464
0.5370657298
0.5455988985
0.5890739489
0.5561453447
0.5994223728
0.6450489337
0.5681469115
0.6110041975
0.6567710028
0.7037067563
0.5807654887
0.6230266152
0.6686719735
0.7160602226
0.76331662
0.5930669638
0.6345516782
0.6797953317
0.7273407109
0.7753494424
0.8219744426
0.6042446653
0.6447308754
0.6892401306
0.7365640482
0.7850084869
0.8326980724
0.8779494274
0.6137752536
0.6530026533
0.6963947869
0.7430263201
0.7914437519
0.8398673397
0.8865215467
0.9299576465
0.6542898092
0.6895623279
0.6965851707
0.7263081909
0.7366352196
0.7432950194
0.7630496241
0.7780818996
0.7882627752
0.7934570414
0.7978824134
0.8191373343
0.8344776447
0.8431365337
0.8455238505
0.828695556
0.8576187836
0.8799431961
0.8938813814
0.89931004
0.8975455208
0.8534401379
0.8912205802
0.9223833181
0.9436784158
0.9539984924
0.9544649254
0.9475083876
0.8703337469
0.9177593606
0.9595306155
0.9904350599
1.007784682
1.012160597
1.006334134
0.9937058331
0.9246791966
0.9856308945
0.9997695434
1.078004446
1.088123102
1.065830992
1.272543044
1.218756854
1.164068402
1.110282212
1.611316114
1.398180668
1.283163547
1.199395956
1.129676017
1.716094105
1.543211106
1.39879285
1.289385995
1.201859687
1.128523815
1.703377765
1.595245508
1.473963638
1.362321549
1.266272511
1.184192626
1.113735828
1.662302325
1.591550597
1.501843509
1.40585863
1.313804076
1.230218118
1.156154133
1.091325761
1.075185517
1.136137574
1.079923098
1.203608524
1.141510064
1.078567847
1.276074476
1.207969468
1.138721999
1.070616992
1.350518384
1.276748207
1.201742775
1.127605457
1.056510261
1.422307803
1.344044518
1.264565758
1.18561013
1.109287041
1.037544623
1.485966898
1.405415627
1.32351495
1.241644909
1.161741004
1.085814597
1.015493174
1.537018538
1.457012159
1.375194873
1.2927253
1.211339495
1.133010674
1.059522086
0.9921372997
0.6014146674
0.6315593321
0.5839910388
0.6625303491
0.6127253418
0.5646567519
0.6928813121
0.6414796477
0.5913213983
0.5437943437
0.7208180294
0.668592708
0.6171452783
0.5678795548
0.5437943437
0.7444458289
0.6921955281
0.6404093366
0.6171452783
0.5913213983
0.5646567519
0.7620714165
0.7105382493
0.6921955281
0.668592708
0.6414796477
0.6127253418
0.5839910388
0.7724494929
0.7620714165
0.7444458289
0.7208180294
0.6928813121
0.6625303491
0.6315593321
0.6014146674
0.533132245
0.5149625627
0.4899687081
0.495961366
0.4705224205
0.4443557453
0.4766314764
0.4510265564
0.4242268987
0.3974911174
0.4766314764
0.4321204452
0.4050374067
0.3775227076
0.35089371
0.495961366
0.4510265564
0.4050374067
0.3595906634
0.3320740448
0.3061666453
0.5149625627
0.4705224205
0.4242268987
0.3775227076
0.3320740448
0.2894617507
0.2647174551
0.533132245
0.4899687081
0.4443557453
0.3974911174
0.35089371
0.3061666453
0.2647174551
0.2275505071
0.5379096006
0.4931633126
0.5240105563
0.4455857829
0.4759664325
0.5088587427
0.3963717128
0.4252473808
0.457969764
0.4932527946
0.3470704272
0.3733282991
0.4047917405
0.4403443145
0.4782679583
0.2993490308
0.3219770894
0.3510283897
0.385758451
0.4244817688
0.4650466293
0.2547067027
0.2729436583
0.2985467773
0.3313176674
0.3697933165
0.4116748382
0.4545242743
0.2142608333
0.2276614507
0.249028212
0.2788363078
0.316007127
0.3582356966
0.4027871118
0.4472192782
0.4472192782
0.4027871118
0.4545242743
0.3582356966
0.4116748382
0.4650466293
0.316007127
0.3697933165
0.4244817688
0.4782679583
0.2788363078
0.3313176674
0.385758451
0.4403443145
0.4932527946
0.249028212
0.2985467773
0.3510283897
0.4047917405
0.457969764
0.5088587427
0.2276614507
0.2729436583
0.3219770894
0.3733282991
0.4252473808
0.4759664325
0.5240105563
0.2142608333
0.2547067027
0.2993490308
0.3470704272
0.3963717128
0.4455857829
0.4931633126
0.5379096006
