NUMBER_OF_POINTS = 1002
DIMENSION = 1
TYPE = Scalar
0
3.141592654
0
3.141592654
1.570796327
1.570796327
1.570796327
1.570796327
2.588018295
0.5535743589
2.588018295
0.5535743589
0
0
0
0
3.141592654
3.141592654
3.141592654
3.141592654
3.141592654
0.17788134
0.3843869601
0.6063118171
0.8232353569
1.017221968
1.179968745
1.311870473
1.417500034
1.502233521
0.17788134
0.3843869601
0.6063118171
0.8232353569
1.017221968
1.179968745
1.311870473
1.417500034
1.502233521
0.09390241645
0.1761532973
0.2478725152
0.3103513161
0.3648638281
0.4125733478
0.454497366
0.4915044461
0.5243261175
0.09390241645
0.1761532973
0.2478725152
0.3103513161
0.3648638281
0.4125733478
0.454497366
0.4915044461
0.5243261175
2.963711314
2.757205693
2.535280836
2.318357297
2.124370686
1.961623908
1.829722181
1.72409262
1.639359133
2.963711314
2.757205693
2.535280836
2.318357297
2.124370686
1.961623908
1.829722181
1.72409262
1.639359133
3.047690237
2.965439356
2.893720138
2.831241338
2.776728825
2.729019306
2.687095288
2.650088207
2.617266536
3.047690237
2.965439356
2.893720138
2.831241338
2.776728825
2.729019306
2.687095288
2.650088207
2.617266536
0
0
0
0
3.141592654
3.141592654
3.141592654
3.141592654
3.141592654
0.17788134
0.3843869601
0.6063118171
0.8232353569
1.017221968
1.179968745
1.311870473
1.417500034
1.502233521
0.17788134
0.3843869601
0.6063118171
0.8232353569
1.017221968
1.179968745
1.311870473
1.417500034
1.502233521
0.09390241645
0.1761532973
0.2478725152
0.3103513161
0.3648638281
0.4125733478
0.454497366
0.4915044461
0.5243261175
0.09390241645
0.1761532973
0.2478725152
0.3103513161
0.3648638281
0.4125733478
0.454497366
0.4915044461
0.5243261175
2.963711314
2.757205693
2.535280836
2.318357297
2.124370686
1.961623908
1.829722181
1.72409262
1.639359133
2.963711314
2.757205693
2.535280836
2.318357297
2.124370686
1.961623908
1.829722181
1.72409262
1.639359133
3.047690237
2.965439356
2.893720138
2.831241338
2.776728825
2.729019306
2.687095288
2.650088207
2.617266536
3.047690237
2.965439356
2.893720138
2.831241338
2.776728825
2.729019306
2.687095288
2.650088207
2.617266536
1.570796327
1.570796327
1.570796327
1.570796327
1.570796327
1.570796327
1.570796327
1.570796327
1.570796327
1.674395446
1.784046238
1.897482114
2.011905267
2.124370686
2.232221744
2.333426367
2.426721652
2.511572825
1.467197208
1.357546416
1.24411054
1.129687386
1.017221968
0.9093709095
0.8081662864
0.7148710015
0.6300198289
1.674395446
1.784046238
1.897482114
2.011905267
2.124370686
2.232221744
2.333426367
2.426721652
2.511572825
1.467197208
1.357546416
1.24411054
1.129687386
1.017221968
0.9093709095
0.8081662864
0.7148710015
0.6300198289
1.570796327
1.570796327
1.570796327
1.570796327
1.570796327
1.570796327
1.570796327
1.570796327
1.570796327
1.674395446
1.784046238
1.897482114
2.011905267
2.124370686
2.232221744
2.333426367
2.426721652
2.511572825
1.467197208
1.357546416
1.24411054
1.129687386
1.017221968
0.9093709095
0.8081662864
0.7148710015
0.6300198289
1.674395446
1.784046238
1.897482114
2.011905267
2.124370686
2.232221744
2.333426367
2.426721652
2.511572825
1.467197208
1.357546416
1.24411054
1.129687386
1.017221968
0.9093709095
0.8081662864
0.7148710015
0.6300198289
2.682413222
2.786491322
2.899238203
3.018609662
3.141592654
3.018609662
2.899238203
2.786491322
2.682413222
0.4591794313
0.3551013318
0.2423544503
0.1229829918
0
0.1229829918
0.2423544503
0.3551013318
0.4591794313
0.2271581634
0.4946257405
0.3129712797
0.7705934278
0.6802149769
0.4946257405
1.017221968
1.017221968
1.017221968
1.017221968
1.215694995
1.271087727
1.367627381
1.570796327
2.124370686
1.367627381
1.447813335
1.570796327
1.773965273
2.124370686
2.646966913
1.482734105
1.570796327
1.693779319
1.870504927
2.124370686
2.461377677
2.828621374
1.570796327
1.658858549
1.773965273
1.925897659
2.124370686
2.370999226
2.646966913
2.91443449
0.2657617115
0.3397533201
0.4568529525
0.4022639333
0.5157371654
0.6552068806
0.455382779
0.5642170752
0.6940723647
0.8459409506
0.5008369007
0.6046486201
0.725618637
0.8639256749
1.017221968
0.5400208452
0.6387777735
0.7516869428
0.8785144432
1.017221968
1.163634275
0.5740495299
0.6679077884
0.7735623363
0.8905813499
1.017221968
1.150261992
1.285292301
0.6038122539
0.6930219156
0.7921644067
0.9007255144
1.017221968
1.139116835
1.263022857
1.38520709
0.7148710015
0.8081662864
0.8081662864
0.9093709095
0.9093709095
0.9093709095
1.017221968
1.017221968
1.017221968
1.017221968
1.129687386
1.129687386
1.129687386
1.129687386
1.129687386
1.24411054
1.24411054
1.24411054
1.24411054
1.24411054
1.24411054
1.357546416
1.357546416
1.357546416
1.357546416
1.357546416
1.357546416
1.357546416
1.467197208
1.467197208
1.467197208
1.467197208
1.467197208
1.467197208
1.467197208
1.467197208
1.674395446
1.674395446
1.784046238
1.674395446
1.784046238
1.897482114
1.674395446
1.784046238
1.897482114
2.011905267
1.674395446
1.784046238
1.897482114
2.011905267
2.124370686
1.674395446
1.784046238
1.897482114
2.011905267
2.124370686
2.232221744
1.674395446
1.784046238
1.897482114
2.011905267
2.124370686
2.232221744
2.333426367
1.674395446
1.784046238
1.897482114
2.011905267
2.124370686
2.232221744
2.333426367
2.426721652
1.756385563
1.878569797
1.856300352
2.002475819
1.991330662
1.977958379
2.124370686
2.124370686
2.124370686
2.124370686
2.240867139
2.251011304
2.26307821
2.277666979
2.295651703
2.349428247
2.368030317
2.389905711
2.415974017
2.447520289
2.486385773
2.448570738
2.473684865
2.50281488
2.536944033
2.577375578
2.625855488
2.684739701
2.5377804
2.567543124
2.601571808
2.640755753
2.686209875
2.73932872
2.801839333
2.875830942
2.718901062
2.830720746
2.759801055
2.95115522
2.880062095
2.805800085
3.077423047
3.00855263
2.93516945
2.857679293
3.077423047
3.141592654
3.071903693
2.996716803
2.91630358
2.95115522
3.00855263
3.071903693
3.141592654
3.065347541
2.982588877
2.830720746
2.880062095
2.93516945
2.996716803
3.065347541
3.141592654
3.057432931
2.718901062
2.759801055
2.805800085
2.857679293
2.91630358
2.982588877
3.057432931
3.141592654
2.718901062
2.759801055
2.830720746
2.805800085
2.880062095
2.95115522
2.857679293
2.93516945
3.00855263
3.077423047
2.91630358
2.996716803
3.071903693
3.141592654
3.077423047
2.982588877
3.065347541
3.141592654
3.071903693
3.00855263
2.95115522
3.057432931
3.141592654
3.065347541
2.996716803
2.93516945
2.880062095
2.830720746
3.141592654
3.057432931
2.982588877
2.91630358
2.857679293
2.805800085
2.759801055
2.718901062
1.756385563
1.856300352
1.878569797
1.977958379
1.991330662
2.002475819
2.124370686
2.124370686
2.124370686
2.124370686
2.295651703
2.277666979
2.26307821
2.251011304
2.240867139
2.486385773
2.447520289
2.415974017
2.389905711
2.368030317
2.349428247
2.684739701
2.625855488
2.577375578
2.536944033
2.50281488
2.473684865
2.448570738
2.875830942
2.801839333
2.73932872
2.686209875
2.640755753
2.601571808
2.567543124
2.5377804
1.570796327
1.482734105
1.658858549
1.367627381
1.570796327
1.773965273
1.215694995
1.447813335
1.693779319
1.925897659
1.017221968
1.271087727
1.570796327
1.870504927
2.124370686
0.7705934278
1.017221968
1.367627381
1.773965273
2.124370686
2.370999226
0.4946257405
0.6802149769
1.017221968
1.570796327
2.124370686
2.461377677
2.646966913
0.2271581634
0.3129712797
0.4946257405
1.017221968
2.124370686
2.646966913
2.828621374
2.91443449
0.2271581634
0.4946257405
0.3129712797
0.7705934278
0.6802149769
0.4946257405
1.017221968
1.017221968
1.017221968
1.017221968
1.215694995
1.271087727
1.367627381
1.570796327
2.124370686
1.367627381
1.447813335
1.570796327
1.773965273
2.124370686
2.646966913
1.482734105
1.570796327
1.693779319
1.870504927
2.124370686
2.461377677
2.828621374
1.570796327
1.658858549
1.773965273
1.925897659
2.124370686
2.370999226
2.646966913
2.91443449
1.756385563
1.878569797
1.856300352
2.002475819
1.991330662
1.977958379
2.124370686
2.124370686
2.124370686
2.124370686
2.240867139
2.251011304
2.26307821
2.277666979
2.295651703
2.349428247
2.368030317
2.389905711
2.415974017
2.447520289
2.486385773
2.448570738
2.473684865
2.50281488
2.536944033
2.577375578
2.625855488
2.684739701
2.5377804
2.567543124
2.601571808
2.640755753
2.686209875
2.73932872
2.801839333
2.875830942
1.674395446
1.674395446
1.784046238
1.674395446
1.784046238
1.897482114
1.674395446
1.784046238
1.897482114
2.011905267
1.674395446
1.784046238
1.897482114
2.011905267
2.124370686
1.674395446
1.784046238
1.897482114
2.011905267
2.124370686
2.232221744
1.674395446
1.784046238
1.897482114
2.011905267
2.124370686
2.232221744
2.333426367
1.674395446
1.784046238
1.897482114
2.011905267
2.124370686
2.232221744
2.333426367
2.426721652
1.467197208
1.357546416
1.467197208
1.24411054
1.357546416
1.467197208
1.129687386
1.24411054
1.357546416
1.467197208
1.017221968
1.129687386
1.24411054
1.357546416
1.467197208
0.9093709095
1.017221968
1.129687386
1.24411054
1.357546416
1.467197208
0.8081662864
0.9093709095
1.017221968
1.129687386
1.24411054
1.357546416
1.467197208
0.7148710015
0.8081662864
0.9093709095
1.017221968
1.129687386
1.24411054
1.357546416
1.467197208
0.6038122539
0.5740495299
0.6930219156
0.5400208452
0.6679077884
0.7921644067
0.5008369007
0.6387777735
0.7735623363
0.9007255144
0.455382779
0.6046486201
0.7516869428
0.8905813499
1.017221968
0.4022639333
0.5642170752
0.725618637
0.8785144432
1.017221968
1.139116835
0.3397533201
0.5157371654
0.6940723647
0.8639256749
1.017221968
1.150261992
1.263022857
0.2657617115
0.4568529525
0.6552068806
0.8459409506
1.017221968
1.163634275
1.285292301
1.38520709
0.2271581634
0.3129712797
0.4946257405
0.4946257405
0.6802149769
0.7705934278
1.017221968
1.017221968
1.017221968
1.017221968
2.124370686
1.570796327
1.367627381
1.271087727
1.215694995
2.646966913
2.124370686
1.773965273
1.570796327
1.447813335
1.367627381
2.828621374
2.461377677
2.124370686
1.870504927
1.693779319
1.570796327
1.482734105
2.91443449
2.646966913
2.370999226
2.124370686
1.925897659
1.773965273
1.658858549
1.570796327
1.756385563
1.856300352
1.878569797
1.977958379
1.991330662
2.002475819
2.124370686
2.124370686
2.124370686
2.124370686
2.295651703
2.277666979
2.26307821
2.251011304
2.240867139
2.486385773
2.447520289
2.415974017
2.389905711
2.368030317
2.349428247
2.684739701
2.625855488
2.577375578
2.536944033
2.50281488
2.473684865
2.448570738
2.875830942
2.801839333
2.73932872
2.686209875
2.640755753
2.601571808
2.567543124
2.5377804
0.4226915915
0.3817915982
0.3108719077
0.3357925689
0.2615305584
0.1904374336
0.2839133609
0.2064232034
0.1330400236
0.06416960636
0.2252890736
0.1448758507
0.06968896026
0
0.06416960636
0.1590037769
0.07624511221
0
0.06968896026
0.1330400236
0.1904374336
0.08415972246
0
0.07624511221
0.1448758507
0.2064232034
0.2615305584
0.3108719077
0
0.08415972246
0.1590037769
0.2252890736
0.2839133609
0.3357925689
0.3817915982
0.4226915915
0.4226915915
0.3108719077
0.3817915982
0.1904374336
0.2615305584
0.3357925689
0.06416960636
0.1330400236
0.2064232034
0.2839133609
0.06416960636
0
0.06968896026
0.1448758507
0.2252890736
0.1904374336
0.1330400236
0.06968896026
0
0.07624511221
0.1590037769
0.3108719077
0.2615305584
0.2064232034
0.1448758507
0.07624511221
0
0.08415972246
0.4226915915
0.3817915982
0.3357925689
0.2839133609
0.2252890736
0.1590037769
0.08415972246
0
0.6038122539
0.5740495299
0.6930219156
0.5400208452
0.6679077884
0.7921644067
0.5008369007
0.6387777735
0.7735623363
0.9007255144
0.455382779
0.6046486201
0.7516869428
0.8905813499
1.017221968
0.4022639333
0.5642170752
0.725618637
0.8785144432
1.017221968
1.139116835
0.3397533201
0.5157371654
0.6940723647
0.8639256749
1.017221968
1.150261992
1.263022857
0.2657617115
0.4568529525
0.6552068806
0.8459409506
1.017221968
1.163634275
1.285292301
1.38520709
1.38520709
1.285292301
1.263022857
1.163634275
1.150261992
1.139116835
1.017221968
1.017221968
1.017221968
1.017221968
0.8459409506
0.8639256749
0.8785144432
0.8905813499
0.9007255144
0.6552068806
0.6940723647
0.725618637
0.7516869428
0.7735623363
0.7921644067
0.4568529525
0.5157371654
0.5642170752
0.6046486201
0.6387777735
0.6679077884
0.6930219156
0.2657617115
0.3397533201
0.4022639333
0.455382779
0.5008369007
0.5400208452
0.5740495299
0.6038122539
