NUMBER_OF_POINTS = 1002
DIMENSION = 1
TYPE = Scalar
2.588018295
2.588018295
0.5535743589
0.5535743589
2.124370686
1.017221968
2.124370686
1.017221968
1.570796327
1.570796327
1.570796327
1.570796327
2.682413222
2.786491322
2.899238203
3.018609662
3.141592654
3.018609662
2.899238203
2.786491322
2.682413222
2.610346489
2.617911347
2.605154747
2.569582796
2.513274123
2.441835295
2.362019007
2.279832785
2.199696757
2.610346489
2.617911347
2.605154747
2.569582796
2.513274123
2.441835295
2.362019007
2.279832785
2.199696757
2.50946949
2.418992986
2.317935771
2.208644727
2.094395102
1.979019187
1.866311455
1.759435367
1.660558466
2.50946949
2.418992986
2.317935771
2.208644727
2.094395102
1.979019187
1.866311455
1.759435367
1.660558466
2.610346489
2.617911347
2.605154747
2.569582796
2.513274123
2.441835295
2.362019007
2.279832785
2.199696757
2.610346489
2.617911347
2.605154747
2.569582796
2.513274123
2.441835295
2.362019007
2.279832785
2.199696757
2.50946949
2.418992986
2.317935771
2.208644727
2.094395102
1.979019187
1.866311455
1.759435367
1.660558466
2.50946949
2.418992986
2.317935771
2.208644727
2.094395102
1.979019187
1.866311455
1.759435367
1.660558466
0.4591794313
0.3551013318
0.2423544503
0.1229829918
0
0.1229829918
0.2423544503
0.3551013318
0.4591794313
0.531246165
0.5236813067
0.536437907
0.5720098577
0.6283185307
0.6997573591
0.7795736465
0.8617598689
0.9418958968
0.531246165
0.5236813067
0.536437907
0.5720098577
0.6283185307
0.6997573591
0.7795736465
0.8617598689
0.9418958968
0.6321231639
0.7225996676
0.8236568831
0.9329479267
1.047197551
1.162573467
1.275281199
1.382157286
1.481034188
0.6321231639
0.7225996676
0.8236568831
0.9329479267
1.047197551
1.162573467
1.275281199
1.382157286
1.481034188
0.531246165
0.5236813067
0.536437907
0.5720098577
0.6283185307
0.6997573591
0.7795736465
0.8617598689
0.9418958968
0.531246165
0.5236813067
0.536437907
0.5720098577
0.6283185307
0.6997573591
0.7795736465
0.8617598689
0.9418958968
0.6321231639
0.7225996676
0.8236568831
0.9329479267
1.047197551
1.162573467
1.275281199
1.382157286
1.481034188
0.6321231639
0.7225996676
0.8236568831
0.9329479267
1.047197551
1.162573467
1.275281199
1.382157286
1.481034188
2.029975758
1.925897659
1.813150777
1.693779319
1.570796327
1.447813335
1.328441876
1.215694995
1.111616895
2.092795738
2.052828223
2.004220305
1.947674601
1.884955592
1.818673346
1.75177434
1.686952478
1.626226293
2.092795738
2.052828223
2.004220305
1.947674601
1.884955592
1.818673346
1.75177434
1.686952478
1.626226293
1.048796916
1.088764431
1.137372348
1.193918052
1.256637061
1.322919308
1.389818314
1.454640176
1.515366361
1.048796916
1.088764431
1.137372348
1.193918052
1.256637061
1.322919308
1.389818314
1.454640176
1.515366361
2.029975758
1.925897659
1.813150777
1.693779319
1.570796327
1.447813335
1.328441876
1.215694995
1.111616895
2.092795738
2.052828223
2.004220305
1.947674601
1.884955592
1.818673346
1.75177434
1.686952478
1.626226293
2.092795738
2.052828223
2.004220305
1.947674601
1.884955592
1.818673346
1.75177434
1.686952478
1.626226293
1.048796916
1.088764431
1.137372348
1.193918052
1.256637061
1.322919308
1.389818314
1.454640176
1.515366361
1.048796916
1.088764431
1.137372348
1.193918052
1.256637061
1.322919308
1.389818314
1.454640176
1.515366361
1.570796327
1.570796327
1.570796327
1.570796327
1.570796327
1.570796327
1.570796327
1.570796327
1.570796327
1.570796327
1.570796327
1.570796327
1.570796327
1.570796327
1.570796327
1.570796327
1.570796327
1.570796327
2.709080714
2.713624105
2.815923283
2.68886245
2.810017038
2.92597316
2.634896528
2.762540692
2.892326085
3.019970248
2.55880637
2.682624298
2.808538172
2.928342743
3.019970248
2.470068776
2.584621995
2.700483713
2.808538172
2.892326085
2.92597316
2.377023209
2.480167236
2.584621995
2.682624298
2.762540692
2.810017038
2.815923283
2.285667328
2.377023209
2.470068776
2.55880637
2.634896528
2.68886245
2.713624105
2.709080714
2.520973418
2.419499988
2.517176252
2.30790866
2.405031812
2.494255359
2.189279278
2.284077905
2.37339768
2.451440714
2.067575451
2.158046119
2.245724526
2.325225322
2.391651717
1.947074162
2.031377795
2.11543097
2.194532485
2.264007554
2.320347997
1.831636915
1.908464985
1.987109521
2.063756186
2.134222161
2.194899876
2.243591126
1.724134437
1.79288425
1.864890913
1.937281229
2.006577998
2.069381079
2.123121287
2.166537956
1.570796327
1.509878425
1.631714228
1.444924454
1.570796327
1.696668199
1.378259467
1.50590363
1.635689023
1.763333187
1.31281143
1.439621417
1.570796327
1.701971237
1.828781223
1.251551758
1.375006345
1.504782143
1.63681051
1.766586309
1.890040896
1.196861268
1.314931945
1.440735634
1.570796327
1.70085702
1.826660708
1.944731386
1.150112383
1.26148664
1.381355624
1.506969835
1.634622818
1.76023703
1.880106013
1.991480271
1.991480271
1.880106013
1.944731386
1.76023703
1.826660708
1.890040896
1.634622818
1.70085702
1.766586309
1.828781223
1.506969835
1.570796327
1.63681051
1.701971237
1.763333187
1.381355624
1.440735634
1.504782143
1.570796327
1.635689023
1.696668199
1.26148664
1.314931945
1.375006345
1.439621417
1.50590363
1.570796327
1.631714228
1.150112383
1.196861268
1.251551758
1.31281143
1.378259467
1.444924454
1.509878425
1.570796327
2.166537956
2.123121287
2.243591126
2.069381079
2.194899876
2.320347997
2.006577998
2.134222161
2.264007554
2.391651717
1.937281229
2.063756186
2.194532485
2.325225322
2.451440714
1.864890913
1.987109521
2.11543097
2.245724526
2.37339768
2.494255359
1.79288425
1.908464985
2.031377795
2.158046119
2.284077905
2.405031812
2.517176252
1.724134437
1.831636915
1.947074162
2.067575451
2.189279278
2.30790866
2.419499988
2.520973418
1.665334311
1.669462619
1.769106154
1.672535547
1.777001993
1.88041072
1.674183739
1.782217687
1.891015642
1.996337014
1.674183739
1.784046238
1.896744194
2.007852966
2.112990408
1.672535547
1.782217687
1.896744194
2.011905267
2.123070375
2.226078221
1.669462619
1.777001993
1.891015642
2.007852966
2.123070375
2.232221744
2.331655543
1.665334311
1.769106154
1.88041072
1.996337014
2.112990408
2.226078221
2.331655543
2.426721652
1.476258343
1.372486499
1.472130035
1.261181934
1.364590661
1.469057107
1.14525564
1.250577012
1.359374967
1.467408914
1.028602245
1.133739688
1.24484846
1.357546416
1.467408914
0.915514433
1.018522279
1.129687386
1.24484846
1.359374967
1.469057107
0.809937111
0.9093709095
1.018522279
1.133739688
1.250577012
1.364590661
1.472130035
0.7148710015
0.809937111
0.915514433
1.028602245
1.14525564
1.261181934
1.372486499
1.476258343
0.9750546977
0.8980015275
1.018471366
0.8212446561
0.9466927775
1.072211574
0.7499409363
0.8775850996
1.007370493
1.135014656
0.6901519396
0.8163673314
0.9470601688
1.077836467
1.204311425
0.6473372943
0.7681949734
0.8958681281
1.026161683
1.154483133
1.276701741
0.6244164015
0.736560842
0.8575147488
0.983546535
1.110214859
1.233127668
1.348708403
0.6206192361
0.7220926657
0.8336839935
0.9523133754
1.074017203
1.194518492
1.309955738
1.417458217
0.8559253252
0.7645694444
0.7645694444
0.6715238773
0.6614254173
0.6715238773
0.5827862838
0.556970659
0.556970659
0.5827862838
0.5066961252
0.4589683558
0.4411089403
0.4589683558
0.5066961252
0.4527302033
0.3790519619
0.3330544819
0.3330544819
0.3790519619
0.4527302033
0.4279685485
0.331575616
0.2492665689
0.2132499107
0.2492665689
0.331575616
0.4279685485
0.4325119396
0.3256693702
0.2156194934
0.1216224056
0.1216224056
0.2156194934
0.3256693702
0.4325119396
0.4325119396
0.4279685485
0.3256693702
0.4527302033
0.331575616
0.2156194934
0.5066961252
0.3790519619
0.2492665689
0.1216224056
0.5827862838
0.4589683558
0.3330544819
0.2132499107
0.1216224056
0.6715238773
0.556970659
0.4411089403
0.3330544819
0.2492665689
0.2156194934
0.7645694444
0.6614254173
0.556970659
0.4589683558
0.3790519619
0.331575616
0.3256693702
0.8559253252
0.7645694444
0.6715238773
0.5827862838
0.5066961252
0.4527302033
0.4279685485
0.4325119396
0.9750546977
1.018471366
0.8980015275
1.072211574
0.9466927775
0.8212446561
1.135014656
1.007370493
0.8775850996
0.7499409363
1.204311425
1.077836467
0.9470601688
0.8163673314
0.6901519396
1.276701741
1.154483133
1.026161683
0.8958681281
0.7681949734
0.6473372943
1.348708403
1.233127668
1.110214859
0.983546535
0.8575147488
0.736560842
0.6244164015
1.417458217
1.309955738
1.194518492
1.074017203
0.9523133754
0.8336839935
0.7220926657
0.6206192361
1.150112383
1.26148664
1.196861268
1.381355624
1.314931945
1.251551758
1.506969835
1.440735634
1.375006345
1.31281143
1.634622818
1.570796327
1.504782143
1.439621417
1.378259467
1.76023703
1.70085702
1.63681051
1.570796327
1.50590363
1.444924454
1.880106013
1.826660708
1.766586309
1.701971237
1.635689023
1.570796327
1.509878425
1.991480271
1.944731386
1.890040896
1.828781223
1.763333187
1.696668199
1.631714228
1.570796327
1.150112383
1.196861268
1.26148664
1.251551758
1.314931945
1.381355624
1.31281143
1.375006345
1.440735634
1.506969835
1.378259467
1.439621417
1.504782143
1.570796327
1.634622818
1.444924454
1.50590363
1.570796327
1.63681051
1.70085702
1.76023703
1.509878425
1.570796327
1.635689023
1.701971237
1.766586309
1.826660708
1.880106013
1.570796327
1.631714228
1.696668199
1.763333187
1.828781223
1.890040896
1.944731386
1.991480271
1.724134437
1.831636915
1.79288425
1.947074162
1.908464985
1.864890913
2.067575451
2.031377795
1.987109521
1.937281229
2.189279278
2.158046119
2.11543097
2.063756186
2.006577998
2.30790866
2.284077905
2.245724526
2.194532485
2.134222161
2.069381079
2.419499988
2.405031812
2.37339768
2.325225322
2.264007554
2.194899876
2.123121287
2.520973418
2.517176252
2.494255359
2.451440714
2.391651717
2.320347997
2.243591126
2.166537956
2.709080714
2.815923283
2.713624105
2.92597316
2.810017038
2.68886245
3.019970248
2.892326085
2.762540692
2.634896528
3.019970248
2.928342743
2.808538172
2.682624298
2.55880637
2.92597316
2.892326085
2.808538172
2.700483713
2.584621995
2.470068776
2.815923283
2.810017038
2.762540692
2.682624298
2.584621995
2.480167236
2.377023209
2.709080714
2.713624105
2.68886245
2.634896528
2.55880637
2.470068776
2.377023209
2.285667328
2.166537956
2.243591126
2.123121287
2.320347997
2.194899876
2.069381079
2.391651717
2.264007554
2.134222161
2.006577998
2.451440714
2.325225322
2.194532485
2.063756186
1.937281229
2.494255359
2.37339768
2.245724526
2.11543097
1.987109521
1.864890913
2.517176252
2.405031812
2.284077905
2.158046119
2.031377795
1.908464985
1.79288425
2.520973418
2.419499988
2.30790866
2.189279278
2.067575451
1.947074162
1.831636915
1.724134437
1.665334311
1.769106154
1.669462619
1.88041072
1.777001993
1.672535547
1.996337014
1.891015642
1.782217687
1.674183739
2.112990408
2.007852966
1.896744194
1.784046238
1.674183739
2.226078221
2.123070375
2.011905267
1.896744194
1.782217687
1.672535547
2.331655543
2.232221744
2.123070375
2.007852966
1.891015642
1.777001993
1.669462619
2.426721652
2.331655543
2.226078221
2.112990408
1.996337014
1.88041072
1.769106154
1.665334311
1.476258343
1.472130035
1.372486499
1.469057107
1.364590661
1.261181934
1.467408914
1.359374967
1.250577012
1.14525564
1.467408914
1.357546416
1.24484846
1.133739688
1.028602245
1.469057107
1.359374967
1.24484846
1.129687386
1.018522279
0.915514433
1.472130035
1.364590661
1.250577012
1.133739688
1.018522279
0.9093709095
0.809937111
1.476258343
1.372486499
1.261181934
1.14525564
1.028602245
0.915514433
0.809937111
0.7148710015
1.417458217
1.309955738
1.348708403
1.194518492
1.233127668
1.276701741
1.074017203
1.110214859
1.154483133
1.204311425
0.9523133754
0.983546535
1.026161683
1.077836467
1.135014656
0.8336839935
0.8575147488
0.8958681281
0.9470601688
1.007370493
1.072211574
0.7220926657
0.736560842
0.7681949734
0.8163673314
0.8775850996
0.9466927775
1.018471366
0.6206192361
0.6244164015
0.6473372943
0.6901519396
0.7499409363
0.8212446561
0.8980015275
0.9750546977
0.9750546977
0.8980015275
1.018471366
0.8212446561
0.9466927775
1.072211574
0.7499409363
0.8775850996
1.007370493
1.135014656
0.6901519396
0.8163673314
0.9470601688
1.077836467
1.204311425
0.6473372943
0.7681949734
0.8958681281
1.026161683
1.154483133
1.276701741
0.6244164015
0.736560842
0.8575147488
0.983546535
1.110214859
1.233127668
1.348708403
0.6206192361
0.7220926657
0.8336839935
0.9523133754
1.074017203
1.194518492
1.309955738
1.417458217
